-0.006860202722423441
-0.18607014052173138
-0.18607014052173138
-0.18607014052173138
-0.18607014052173138
-0.18607014052173138
-0.18607014052173138
-0.18607014052173138
-0.40726015558978274
-0.40726015558978274
-22.371890632662762
-22.371890632662762
-22.371890632662762
-22.371890632662762
-22.371890632662762
-22.371890632662762
-22.371890632662762
-22.371890632662762
-22.371890632662762
-22.371890632662762
-22.371890632662762
-22.371890632662762
-22.371890632662762
-22.371890632662762
-22.371890632662762
-22.371890632662762
-22.371890632662762
-22.371890632662762
-22.371890632662762
-22.371890632662762
-22.371890632662762
-22.371890632662762
-22.371890632662762
-22.371890632662762
-22.371890632662762
-22.371890632662762
-22.371890632662762
-22.371890632662762
-22.371890632662762
-22.371890632662762
-22.371890632662762
-22.371890632662762
-22.371890632662762
-22.371890632662762
-22.371890632662762
-22.371890632662762
-23.84734591164175
-23.84734591164175
-23.84734591164175
-23.84734591164175
