-24.15403146496352
-24.1552423152455
-24.1552423152455
-24.156814547891162
-24.156814547891162
-24.156814547891162
-24.156814547891162
-24.156814547891162
-24.156814547891162
-24.156814547891162
-24.156814547891162
-24.156814547891162
-24.156814547891162
-24.156814547891162
-24.15681472741922
-24.15681472741922
-24.15681472741922
-24.15681472741922
-24.15681472741922
-24.15681472741922
-24.15681472741922
-24.15681472741922
-24.15681472741922
-24.15681472741922
-24.15681472741922
-24.15681472741922
-24.15681472741922
-24.15681546354236
-24.15681546354236
-24.15681546354236
-24.15681546354236
-24.15681546354236
-24.15681546354236
-24.15681546354236
-24.15681546354236
-24.15681546354236
-24.15681546354236
-24.15681546354236
-24.15681546354236
-24.15681546354236
-24.15681546354236
-24.15681546354236
-24.15681546354236
-24.15681546354236
-24.15681546354236
-24.15681546354236
-24.15681546354236
-24.15681546354236
-24.15681546354236
-24.15681546354236
