-2.1788470342462264E7
-2.263515781680976E7
-2.263515781680976E7
-2.263515781680976E7
-2.263515781680976E7
-2.263515781680976E7
-2.263515781680976E7
-2.263515781680976E7
-2.272420266809542E7
-2.2734255098507177E7
-2.2734255098507177E7
-2.309749870389766E7
-2.309749870389766E7
-2.309749870389766E7
-2.309749870389766E7
-2.309749870389766E7
-2.309749870389766E7
-2.309749870389766E7
-2.309749870389766E7
-2.309749870389766E7
-2.3382856115606587E7
-2.3382856115606587E7
-2.3382856115606587E7
-2.3382856115606587E7
-2.3382856115606587E7
-2.3382856115606587E7
-2.3382856115606587E7
-2.3382856115606587E7
-2.3382856115606587E7
-2.3382856115606587E7
-2.3382856115606587E7
-2.3382856115606587E7
-2.3382856115606587E7
-2.3382856115606587E7
-2.3382856115606587E7
-2.3382856115606587E7
-2.3382856115606587E7
-2.3382856115606587E7
-2.3382856115606587E7
-2.3382856115606587E7
-2.3382856115606587E7
-2.3382856115606587E7
-2.3415988825195014E7
-2.3415988825195014E7
-2.3415988825195014E7
-2.3415988825195014E7
-2.3415988825195014E7
-2.3415988825195014E7
-2.3415988825195014E7
-2.3415988825195014E7
