1179.7925206601662
952.3267498751388
929.3824136463568
869.8204386299062
549.8397838988731
549.8397838988731
549.8397838988731
492.83496801906085
492.83496801906085
492.83496801906085
492.83496801906085
492.83496801906085
492.83496801906085
492.83496801906085
492.83496801906085
492.83496801906085
492.83496801906085
492.83496801906085
492.83496801906085
476.87827608540783
476.03235167031653
473.1375661937118
473.1375661937118
470.47029995421417
470.47029995421417
470.47029995421417
428.1640008273225
428.1640008273225
428.1640008273225
428.1640008273225
409.59073595337213
409.59073595337213
409.59073595337213
409.59073595337213
409.59073595337213
409.59073595337213
409.59073595337213
409.59073595337213
409.59073595337213
409.59073595337213
344.7205741243956
344.7205741243956
344.7205741243956
344.7205741243956
344.7205741243956
344.7205741243956
344.7205741243956
344.7205741243956
334.2104489896801
334.2104489896801
