-27625.230961965535
-34917.051192563216
-34917.051192563216
-34917.051192563216
-34917.051192563216
-34917.051192563216
-34917.051192563216
-39256.06791116465
-39256.06791116465
-39256.06791116465
-59816.11495026535
-74531.76672364719
-78024.81786472177
-81854.7220840047
-81854.7220840047
-81854.7220840047
-81854.7220840047
-81854.7220840047
-81854.7220840047
-81854.7220840047
-81854.7220840047
-81854.7220840047
-81854.7220840047
-81854.7220840047
-81854.7220840047
-81854.7220840047
-81854.7220840047
-81854.7220840047
-81854.7220840047
-81854.7220840047
-81854.7220840047
-81854.7220840047
-81854.7220840047
-81854.7220840047
-81854.7220840047
-81854.7220840047
-88983.07810440293
-88983.07810440293
-88983.07810440293
-88983.07810440293
-88983.07810440293
-88983.07810440293
-88983.07810440293
-88983.07810440293
-88983.07810440293
-88983.07810440293
-88983.07810440293
-88983.07810440293
-88983.07810440293
-91916.79954605801
