21.457744629622997
20.451170854405987
20.451170854405987
20.43750694752639
20.43750694752639
20.43750694752639
20.43750694752639
20.43750694752639
20.43750694752639
20.43750694752639
20.24445616423874
20.24445616423874
20.161980028019723
20.161980028019723
19.970230776710462
19.970230776710462
19.84533501562903
19.84533501562903
18.068497538577315
18.068497538577315
18.068497538577315
18.068497538577315
17.827515605612938
17.827515605612938
17.827515605612938
17.818941766880624
17.818941766880624
17.818941766880624
17.818941766880624
17.818941766880624
17.818941766880624
17.818941766880624
17.818941766880624
17.818941766880624
17.28467781529637
17.28467781529637
17.28467781529637
17.28467781529637
17.28467781529637
17.28467781529637
17.28467781529637
17.28467781529637
17.28467781529637
17.28467781529637
17.28467781529637
17.28467781529637
17.28467781529637
17.28467781529637
17.28467781529637
17.28467781529637
