0.3075314487171933
0.16642210534091414
0.14359143707311672
0.05748773318769092
0.05748773318769092
0.05748773318769092
0.05748773318769092
0.05748773318769092
0.05748773318769092
0.03301109275480985
0.03301109275480985
0.03301109275480985
0.02343829530722201
0.02343829530722201
0.02343829530722201
0.02343829530722201
0.02343829530722201
0.02343829530722201
0.02343829530722201
0.02343829530722201
0.02343829530722201
0.02343829530722201
0.02343829530722201
0.02343829530722201
0.02343829530722201
0.02343829530722201
0.02343829530722201
0.009589009895756798
0.009589009895756798
0.009589009895756798
0.009589009895756798
0.009589009895756798
0.009589009895756798
0.009589009895756798
0.009589009895756798
0.009589009895756798
0.009589009895756798
0.009589009895756798
0.009589009895756798
0.009589009895756798
0.008094272094678594
0.008094272094678594
0.008094272094678594
0.008094272094678594
0.008094272094678594
0.008094272094678594
0.008094272094678594
0.008094272094678594
0.008094272094678594
0.008094272094678594
