661.4182536760562
416.68393961177105
385.93356154731094
232.68573442581578
232.68573442581578
232.68573442581578
232.68573442581578
215.45284268759718
215.45284268759718
215.45284268759718
215.45284268759718
215.45284268759718
215.45284268759718
215.45284268759718
215.45284268759718
215.45284268759718
207.6259767366504
181.5728600819311
181.5728600819311
181.5728600819311
125.79783266461232
125.79783266461232
125.79783266461232
125.79783266461232
125.79783266461232
125.79783266461232
122.2586515366072
122.2586515366072
122.2586515366072
122.2586515366072
122.2586515366072
122.2586515366072
122.2586515366072
122.2586515366072
122.2586515366072
122.2586515366072
122.2586515366072
122.2586515366072
122.2586515366072
53.890163686591364
53.890163686591364
53.890163686591364
53.890163686591364
53.890163686591364
53.890163686591364
53.890163686591364
53.890163686591364
53.890163686591364
53.890163686591364
53.890163686591364