4391.484390557999
3862.537467724054
3393.7680269959415
3393.7680269959415
3393.7680269959415
2772.456140535034
2772.456140535034
2772.456140535034
2231.1844446869773
2231.1844446869773
2231.1844446869773
2231.1844446869773
2231.1844446869773
2231.1844446869773
2231.1844446869773
2231.1844446869773
2231.1844446869773
2231.1844446869773
1735.3925028626609
1735.3925028626609
1687.7636153039507
1687.7636153039507
1687.7636153039507
1687.7636153039507
1687.7636153039507
1604.236292924903
1604.236292924903
1604.236292924903
1604.236292924903
1604.236292924903
1604.236292924903
1604.236292924903
1604.236292924903
1604.236292924903
1604.236292924903
1604.236292924903
1604.236292924903
1604.236292924903
1604.236292924903
1604.236292924903
1604.236292924903
1604.236292924903
1604.236292924903
1604.236292924903
1604.236292924903
1604.236292924903
1604.236292924903
1604.236292924903
1604.236292924903
1604.236292924903
