0.07378061282535782
0.07378061282535782
-0.7926759592729276
-0.7926759592729276
-0.7926759592729276
-0.7926759592729276
-0.7926759592729276
-0.7926759592729276
-0.7926759592729276
-0.7926759592729276
-0.8225694446463062
-0.824320506775616
-0.9724309862577966
-0.978617220532929
-0.978617220532929
-0.978617220532929
-0.978617220532929
-0.978617220532929
-0.978617220532929
-0.978617220532929
-0.978617220532929
-0.9947140732369946
-0.9947140732369946
-0.9947140732369946
-0.9947140732369946
-0.9947140732369946
-0.9947140732369946
-0.9947140732369946
-0.9947140732369946
-0.9947140732369946
-0.9947140732369946
-0.9947140732369946
-0.9947140732369946
-0.9947140732369946
-0.9947140732369946
-0.9947140732369946
-0.9947140732369946
-0.9947140732369946
-0.9947140732369946
-0.9947140732369946
-0.9947140732369946
-0.9947140732369946
-0.9947140732369946
-0.9947140732369946
-0.9947140732369946
-0.9947140732369946
-0.9947140732369946
-0.9947140732369946
-0.9947140732369946
-0.9947140732369946
