8.23422992787517
7.418050019072798
7.418050019072798
6.79703937483402
6.79703937483402
6.79703937483402
6.79703937483402
6.79703937483402
6.79703937483402
6.79703937483402
6.79703937483402
5.956211783953737
5.956211783953737
5.956211783953737
5.956211783953737
5.928484328265807
5.928484328265807
5.554171806238767
5.492350280463121
5.322568558410204
5.322568558410204
5.322568558410204
5.048305020186952
5.048305020186952
5.048305020186952
5.048305020186952
5.048305020186952
5.048305020186952
4.769700570740088
4.769700570740088
4.769700570740088
4.769700570740088
4.69871499053211
4.69871499053211
4.69871499053211
4.69871499053211
4.69871499053211
4.69871499053211
4.69871499053211
4.69871499053211
4.69871499053211
4.69871499053211
4.69871499053211
4.69871499053211
4.69871499053211
4.69871499053211
4.69871499053211
4.69871499053211
4.69871499053211
4.69871499053211
