3758105.500885069
1706366.3005831656
424919.2931654029
424919.2931654029
424919.2931654029
424919.2931654029
190800.66382943155
190800.66382943155
190800.66382943155
190800.66382943155
84526.2664696166
84526.2664696166
84526.2664696166
84526.2664696166
84526.2664696166
74480.18487914104
74480.18487914104
74480.18487914104
74480.18487914104
74480.18487914104
74480.18487914104
74480.18487914104
74480.18487914104
74480.18487914104
74480.18487914104
74480.18487914104
72385.97007883358
70421.109607966
70421.109607966
38273.975780138986
38273.975780138986
38273.975780138986
37532.0745558564
37532.0745558564
37532.0745558564
37532.0745558564
37532.0745558564
37532.0745558564
37532.0745558564
37532.0745558564
37532.0745558564
37532.0745558564
37532.0745558564
37532.0745558564
37532.0745558564
37532.0745558564
37532.0745558564
37532.0745558564
37532.0745558564
37532.0745558564
