5867.246704698281
5745.494776058518
5745.494776058518
5745.494776058518
5745.494776058518
5573.659734049302
5573.659734049302
5573.659734049302
5573.659734049302
5573.659734049302
5573.659734049302
5434.719360067562
5434.719360067562
5253.489600705624
5253.489600705624
5253.489600705624
5253.489600705624
5253.489600705624
5253.489600705624
5253.489600705624
5253.489600705624
5253.489600705624
5253.489600705624
5253.489600705624
5253.489600705624
5253.489600705624
5253.489600705624
5253.489600705624
5253.489600705624
5253.489600705624
5253.489600705624
5253.489600705624
5253.489600705624
5253.489600705624
5253.489600705624
5253.489600705624
5253.489600705624
5253.489600705624
5253.489600705624
5253.489600705624
5253.489600705624
5253.489600705624
5253.489600705624
5253.489600705624
5253.489600705624
5253.489600705624
5253.489600705624
5253.489600705624
5253.489600705624
5253.489600705624
