112.5392311992206
112.46493368217826
112.46493368217826
86.65254037844386
60.24497253093375
60.24497253093375
28.321150315292808
22.749242181449954
22.749242181449954
22.749242181449954
22.749242181449954
22.749242181449954
22.749242181449954
22.749242181449954
22.749242181449954
22.749242181449954
22.749242181449954
22.749242181449954
22.749242181449954
22.749242181449954
22.749242181449954
22.749242181449954
22.749242181449954
22.749242181449954
22.749242181449954
22.749242181449954
22.749242181449954
22.749242181449954
22.212960031082442
22.212960031082442
22.212960031082442
22.212960031082442
22.212960031082442
22.212960031082442
22.212960031082442
22.212960031082442
22.212960031082442
19.736196271443163
19.736196271443163
19.736196271443163
19.736196271443163
19.736196271443163
19.736196271443163
19.736196271443163
19.736196271443163
19.736196271443163
19.736196271443163
19.736196271443163
19.736196271443163
19.736196271443163
