239.62639506414334
239.62639506414334
128.36643575649242
128.36643575649242
128.36643575649242
128.36643575649242
128.18386707670487
128.18386707670487
128.18386707670487
128.18386707670487
97.10836250742946
97.10836250742946
97.10836250742946
97.10836250742946
97.10836250742946
97.10836250742946
97.10836250742946
97.10836250742946
78.13362977626463
78.13362977626463
78.13362977626463
78.13362977626463
36.006314027331015
36.006314027331015
36.006314027331015
36.006314027331015
36.006314027331015
36.006314027331015
36.006314027331015
36.006314027331015
36.006314027331015
36.006314027331015
36.006314027331015
36.006314027331015
36.006314027331015
36.006314027331015
36.006314027331015
36.006314027331015
36.006314027331015
36.006314027331015
36.006314027331015
36.006314027331015
36.006314027331015
36.006314027331015
36.006314027331015
36.006314027331015
36.006314027331015
36.006314027331015
36.006314027331015
36.006314027331015
