2851.5046983550947
2802.3347184262266
2802.3347184262266
2802.3347184262266
2802.3347184262266
2802.3347184262266
2802.3347184262266
2802.3347184262266
2802.3347184262266
2802.3347184262266
2802.3347184262266
2802.3347184262266
2802.3347184262266
2802.3347184262266
2802.3347184262266
2802.3347184262266
2802.3347184262266
2802.3347184262266
2802.3347184262266
2802.3347184262266
2802.3347184262266
2802.3347184262266
2802.3347184262266
2802.3347184262266
2802.3347184262266
2802.3347184262266
2785.884681117903
2785.884681117903
2785.884681117903
2614.9731122718904
2614.9731122718904
2614.9731122718904
2614.9731122718904
2614.9731122718904
2614.9731122718904
2614.9731122718904
2614.9731122718904
2614.9731122718904
2614.9731122718904
2614.9731122718904
2614.9731122718904
2614.9731122718904
2614.9731122718904
2614.9731122718904
2614.9731122718904
2614.9731122718904
2614.9731122718904
2560.603598122001
2560.603598122001
2559.3534241139923
