56992.10755432107
56992.10755432107
49852.256262007366
49852.256262007366
34844.72828539571
34844.72828539571
34844.72828539571
34844.72828539571
34844.72828539571
34844.72828539571
28271.9950328983
28173.857621220595
28173.857621220595
26122.3374426288
26122.3374426288
26122.3374426288
26122.3374426288
26122.3374426288
26122.3374426288
26122.3374426288
26122.3374426288
19959.77455836358
19959.77455836358
19959.77455836358
19959.77455836358
19959.77455836358
19959.77455836358
19959.77455836358
19959.77455836358
19959.77455836358
19959.77455836358
19959.77455836358
19959.77455836358
19959.77455836358
18058.26541658229
17940.722258543527
17940.722258543527
16296.573071442323
16296.573071442323
16296.573071442323
16296.573071442323
16296.573071442323
16296.573071442323
16296.573071442323
16296.573071442323
16296.573071442323
16296.573071442323
16296.573071442323
16296.573071442323
16296.573071442323
