16642.426418275958
14864.200794553639
14214.493195220115
12784.111477957023
12784.111477957023
11098.089703590651
11098.089703590651
11098.089703590651
11098.089703590651
10922.513316749973
9928.720277744926
9030.152525897614
9030.152525897614
9030.152525897614
9030.152525897614
9030.152525897614
8578.182260817315
8578.182260817315
8578.182260817315
8578.182260817315
8578.182260817315
8578.182260817315
8578.182260817315
8578.182260817315
8390.158108069561
8390.158108069561
8390.158108069561
8390.158108069561
8390.158108069561
8390.158108069561
7832.7551204526335
7832.7551204526335
7832.7551204526335
7832.7551204526335
7832.7551204526335
7832.7551204526335
7832.7551204526335
7690.568544428366
7690.568544428366
6631.4256604765615
6631.4256604765615
6631.4256604765615
6631.4256604765615
6631.4256604765615
6631.4256604765615
6631.4256604765615
6631.4256604765615
6631.4256604765615
6631.4256604765615
6631.4256604765615
