-3014599.812108369
-3121019.7322985213
-3121019.7322985213
-3155190.658192623
-3161159.171274548
-3162315.077691203
-3177261.7348212833
-3180188.675719811
-3180188.675719811
-3181339.9305676594
-3187181.8976141103
-3187181.8976141103
-3187181.8976141103
-3187181.8976141103
-3187181.8976141103
-3187181.8976141103
-3187181.8976141103
-3187181.8976141103
-3187181.8976141103
-3187181.8976141103
-3199620.0
-3199620.0
-3199620.0
-3199620.0
-3199620.0
-3199620.0
-3199620.0
-3199620.0
-3199620.0
-3199620.0
-3199620.0
-3199620.0
-3199620.0
-3199620.0
-3199620.0
-3199620.0
-3199620.0
-3199620.0
-3199620.0
-3199620.0
-3199620.0
-3199620.0
-3199620.0
-3199620.0
-3199620.0
-3199620.0
-3199620.0
-3199620.0
-3199620.0
-3199620.0
