17.386995411354565
16.69142119728081
16.19143676705875
16.19143676705875
16.19143676705875
15.914905770829687
15.831788264076575
15.831788264076575
15.748951636613267
15.714948985924453
15.714948985924453
15.714948985924453
15.714948985924453
15.714948985924453
15.714948985924453
15.714948985924453
15.714948985924453
15.714948985924453
15.155793194034436
15.155793194034436
15.155793194034436
15.155793194034436
15.155793194034436
14.818015295906157
14.818015295906157
14.818015295906157
14.53567643837437
14.53567643837437
14.53567643837437
14.53567643837437
14.53567643837437
14.53567643837437
14.53567643837437
14.53567643837437
14.391479520342852
14.391479520342852
14.391479520342852
14.391479520342852
14.391479520342852
14.391479520342852
14.391479520342852
14.391479520342852
14.391479520342852
14.391479520342852
14.391479520342852
14.391479520342852
14.391479520342852
14.391479520342852
14.391479520342852
14.391479520342852
