15.80330595019992
13.657464165945877
13.482808338117497
12.979625980712779
12.979625980712779
11.345946611756524
11.345946611756524
11.345946611756524
11.345946611756524
11.345946611756524
11.345946611756524
11.345946611756524
11.345946611756524
11.345946611756524
11.345946611756524
11.345946611756524
11.345946611756524
11.345946611756524
11.345946611756524
11.345946611756524
11.345946611756524
11.345946611756524
11.345946611756524
11.328792585162981
11.328792585162981
11.328792585162981
11.328792585162981
11.328792585162981
11.328792585162981
11.328792585162981
11.328792585162981
11.328792585162981
11.328792585162981
11.328792585162981
11.328792585162981
11.328792585162981
11.328792585162981
11.328792585162981
11.328792585162981
11.328792585162981
11.328792585162981
11.328792585162981
11.328792585162981
11.328792585162981
11.328792585162981
11.328792585162981
11.328792585162981
11.328792585162981
11.328792585162981
11.328792585162981
