10262.92990784814
4923.87611403292
3783.3112928380283
3783.3112928380283
3783.3112928380283
3783.3112928380283
3588.616337843829
3588.616337843829
2755.3447205909406
2558.9700416609808
2558.9700416609808
2558.9700416609808
2558.9700416609808
2558.9700416609808
2558.9700416609808
2558.9700416609808
2558.9700416609808
2558.9700416609808
2214.8706736928343
2214.8706736928343
2214.8706736928343
2214.8706736928343
2214.8706736928343
2214.8706736928343
2214.8706736928343
1296.1677881248775
1296.1677881248775
1191.9674361384502
1191.9674361384502
1191.9674361384502
1191.9674361384502
1191.9674361384502
1191.9674361384502
1191.9674361384502
1191.9674361384502
1191.9674361384502
1191.9674361384502
1191.9674361384502
1191.9674361384502
1191.9674361384502
1191.9674361384502
1191.9674361384502
1191.9674361384502
1191.9674361384502
1191.9674361384502
1191.9674361384502
1191.9674361384502
1191.9674361384502
1191.9674361384502
1191.9674361384502
