25306.126011996796
25306.126011996796
25306.126011996796
25306.126011996796
25306.126011996796
25306.126011996796
25306.126011996796
25306.126011996796
25306.126011996796
22447.259098910403
14347.14037390026
9787.033675951376
9787.033675951376
9787.033675951376
9787.033675951376
9787.033675951376
9787.033675951376
9787.033675951376
9787.033675951376
9787.033675951376
9787.033675951376
9787.033675951376
9787.033675951376
9787.033675951376
9787.033675951376
9787.033675951376
9787.033675951376
9787.033675951376
9787.033675951376
9787.033675951376
9787.033675951376
9787.033675951376
9787.033675951376
9787.033675951376
9787.033675951376
9787.033675951376
8498.80744626139
4626.9819099837005
4626.9819099837005
4626.9819099837005
4626.9819099837005
4626.9819099837005
4626.9819099837005
4626.9819099837005
3718.5842588314054
3718.5842588314054
3718.5842588314054
3718.5842588314054
3718.5842588314054
3718.5842588314054
