-0.9999443048677826
-0.999982380548444
-0.9999872089085092
-0.9999958704200114
-0.999999378019228
-0.999999378019228
-0.999999378019228
-0.999999378019228
-0.999999378019228
-0.999999378019228
-0.999999378019228
-0.999999378019228
-0.999999378019228
-0.999999378019228
-0.9999999548823731
-0.9999999548823731
-0.9999999548823731
-0.9999999548823731
-0.9999999548823731
-0.9999999548823731
-0.9999999548823731
-0.9999999548823731
-0.9999999548823731
-0.9999999548823731
-0.9999999548823731
-0.9999999548823731
-0.9999999548823731
-0.9999999548823731
-0.9999999548823731
-0.9999999548823731
-0.9999999548823731
-0.9999999548823731
-0.9999999548823731
-0.9999999548823731
-0.9999999548823731
-0.9999999548823731
-0.9999999548823731
-0.9999999548823731
-0.9999999548823731
-0.9999999548823731
-0.9999999548823731
-0.9999999548823731
-0.9999999548823731
-0.9999999548823731
-0.9999999548823731
-0.9999999802901405
-0.9999999802901405
-0.9999999802901405
-0.9999999802901405
-0.9999999802901405
