4355.378461544446
4355.378461544446
4160.186291295777
4160.186291295777
4099.536169066052
4099.536169066052
4099.536169066052
3392.391960693887
3392.391960693887
3294.172303090735
2997.0085278554143
2997.0085278554143
2843.7989527997033
2219.989869106996
2219.989869106996
2219.989869106996
2219.989869106996
2219.989869106996
2219.989869106996
2219.989869106996
2035.8001934631743
2035.8001934631743
2035.8001934631743
2035.8001934631743
2035.8001934631743
2035.8001934631743
2035.8001934631743
2035.8001934631743
2035.8001934631743
2035.8001934631743
2035.8001934631743
2035.8001934631743
2035.8001934631743
2035.8001934631743
2035.8001934631743
2035.8001934631743
2035.8001934631743
2035.8001934631743
2035.8001934631743
2035.8001934631743
2035.8001934631743
2035.8001934631743
2035.8001934631743
2035.8001934631743
2035.8001934631743
2035.8001934631743
2035.8001934631743
2035.8001934631743
2035.8001934631743
2035.8001934631743
